15244
81245
92897
63271
49672
92232
53492
92941
58509
28174
70084
24410
84499
66548
65580
87805
83099
18390
26848
18807
72147
79927
11257
58028
75951
50715
95795
32111
46546
72734
98182
62716
89475
39176
40923
62512
86618
52758
13428
21791
93809
17938
60129
70192
12155
40333
23806
46661
88336
87513
41580
39488
53900
63780
18471
77849
93111
52950
81379
91351
14227
51335
98624
21994
60107
63161
42618
94665
79153
78730
75722
68857
88672
59881
85772
30276
14586
67593
72269
25858
33541
16446
47844
78173
50682
75282
62042
18797
24212
55048
91631
93807
88119
19366
76255
98264
64583
96480
67367
12629
55622
48715
38717
88940
57583
13512
89814
64756
16224
10346
73809
80544
11856
59087
72673
49449
20810
28257
72761
87721
33910
71512
51593
52645
65785
29202
84191
90538
36816
74544
97584
58739
75540
68067
52407
15044
20591
25885
26653
42596
23950
52254
70806
42195
36372
47944
38297
19998
88241
73698
92258
98092
28030
53514
77999
66582
79423
46938
42971
11339
71889
25429
81687
35428
21885
98374
81362
41486
20831
26838
89226
11351
20955
34764
43198
54892
64587
62645
39255
65266
20283
56574
12809
23338
58721
68541
46673
59073
80216
81975
44297
34344
63009
43350
95286
33964
87854
23407
95569
45440
80991
30893
26305
60205
12663
43419
39569
73240
84277
94177
95690
92242
73905
35977
27680
79830
84278
85984
39122
78800
33253
83659
91248
89362
15884
98545
15249
47287
68392
62854
43214
65154
71451
85490
10175
79597
15040
96993
36177
44659
10713
95267
38841
33233
73302
40471
26947
39627
47637
53778
79782
10038
86184
69322
70602
85109
58501
97931
24913
19478
51774
45194
78436
75773
24862
98325
68242
21878
22527
53407
33702
76946
34943
66974
87132
28641
78825
14741
56627
47539
40528
71885
83869
13761
75267
76391
84919
82510
42950
53597
51068
41152
82758
38873
88084
96405
24799
77846
20374
63292
11172
23525
94244
32196
28936
27350
20053
62187
15008
44778
34221
39018
23017
87337
72930
93295
66854
34104
60507
10728
24778
71424
40413
78058
37560
13236
87173
73989
14985
24184
28240
12680
97498
93727
17373
15927
30358
65650
46846
53260
32998
61488
95554
19043
99442
35322
58264
48887
96519
88445
22815
26997
45084
82066
88706
37524
67340
37641
84745
11631
19247
92635
36981
31598
54121
76881
99584
55312
83419
13942
89059
45943
49359
68331
36265
46411
25016
61228
47787
61125
23793
20371
40797
45793
68119
93194
29041
40414
35827
95241
34804
19037
15853
28746
33009
37386
89907
65824
29642
25336
77952
44241
25674
21393
58355
69496
27282
69938
83723
88439
46485
39718
23065
27197
72503
20982
60535
38653
77768
11298
42013
18141
81075
39115
18584
73719
85615
16171
78057
97570
51603
62411
72300
34238
38052
29020
41893
39513
11610
95685
95779
15324
76334
68091
38482
15369
89175
60543
56673
49457
71887
88321
71071
67178
91821
20076
87303
57511
43501
91975
15448
69907
25571
52353
69803
40474
26253
39802
83210
37474
31093
42301
19726
94312
58482
98687
19047
26950
71158
96412
35920
44526
42755
24379
70947
54882
51233
20462
53935
74070
54102
13298
26602
42648
22183
30822
86804
10838
24523
41568
80060
21439
66602
19704
67226
65479
37260
31997
97707
13170
26045
24059
32491
75897
10612
11001
35498
96341
23226
69398
17730
86503
72504
82150
68294
80912
96999
97530
35480
20998
70873
91802
54034
32710
58337
59198
61993
79647
26291
74198
57851
75838
60309
86676
29406
76718
33197
65924
88612
75554
36525
70266
36358
36508
28589
48088
22798
56726
80189
21360
90866
39003
27798
66032
11051
94174
15442
10452
11929
34739
64828
73891
52449
71065
89965
60544
21118
49478
26213
49857
74220
72833
38455
54342
43456
24034
32201
23799
72637
10964
42818
21006
39063
30375
15052
87906
17028
81936
12837
16027
49036
99212
28629
65863
20677
92405
55155
39167
74584
69147
75535
41314
47916
95846
14883
85080
52335
98645
39194
73927
90575
46134
85511
10109
20240
26094
35316
73503
89783
76048
63277
70675
44803
47915
12885
96783
55441
28482
91088
56209
73427
84253
45378
61961
68877
99259
52459
52656
95881
77445
91203
80736
33376
35538
98323
51634
55669
21536
32629
49199
57371
23040
73189
18892
75932
35376
29756
80575
11795
72509
80073
39611
55678
74003
82981
44472
15879
92293
68169
46139
25753
29238
65772
72372
49282
59258
20268
68202
30853
79108
93219
97625
15662
74532
84970
43513
24015
61575
75452
95466
27039
72285
84251
29424
58618
14379
89386
93381
91398
42769
12169
25979
72635
17059
47259
76636
73546
91197
65589
73955
23737
57497
89971
65549
49793
47384
23011
50105
56427
30880
24879
68581
74682
43180
90603
52305
22850
83915
19676
18372
89452
59733
70454
60701
90655
70929
28216
96165
34322
31874
54166
99511
31060
55106
79552
27806
46797
64746
76861
76339
13583
14467
85582
13718
99759
59581
96543
86658
65202
38311
19721
20090
21044
45323
41853
48731
44220
49345
77455
64991
84833
15508
31649
47963
32556
98424
20214
92261
83550
40965
73994
55035
25828
75771
67673
44405
18454
88189
87628
71632
37621
23775
52816
30089
98618
44216
26104
42299
45953
88461
94707
44832
30018
10073
32801
93444
14724
88496
97226
44779
20417
74763
86926
82229
41522
97004
94063
33439
52901
95858
46763
99339
97353
30474
29221
54778
32771
20116
69722
51398
97793
56926
66003
11344
45264
94465
12978
17184
87705
32187
51481
54232
99572
29822
65918
66528
40810
71957
93701
10667
51857
13968
99521
43540
27624
65271
44186
33230
33874
54932
18315
69769
75322
20861
88546
29838
83883
67889
59762
30665
13966
38266
60711
42774
76359
65904
34048
38275
84943
50731
64612
14016
55402
93047
49251
75392
90871
13432
18501
73315
18380
56744
44147
98969
16683
83183
33184
36362
40671
65788
23573
50571
67765
73101
67112
46594
75172
45231
20392
35352
20609
78496
12271
89991
65923
71880
73845
25694
44679
95542
72865
43025
38909
38961
12553
66378
79514
96727
12664
22671
60272
54910
78968
31357
98176
43398
51128
97517
53814
56961
90552
13602
12187
47432
84078
77515
88313
69118
75221
64709
89680
31715
61413
75865
67755
52584
47546
91225
28913
65645
19183
47460
75848
56518
60240
31724
37699
18796
37497
42751
28509
90061
65385
72856
41016
86979
18571
37984
36879
72715
88099
61613
15090
35177
52551
60337
95870
51272
31236
77046