50562
49036
21393
60643
33212
76048
58600
61161
86979
73806
21118
68037
63407
35177
63759
49036
19486
12243
76511
86451
24247
19614
32484
46123
64756
78058
74458
39063
38789
39167
93444
53597
25175
55091
88724
51774
93444
47249
93526
94210
21118
14392
64756
49036
79882
53270
88706
85277
57672
36284
97455
79018
78058
98092
20090
73059
78100
22317
35177
19771
53597
39645
98092
54585
60337
47739
96226
84252
34048
80552
70308
47918
98092
27613
32111
98092
84246
49036
13771
56490
15922
54557
62540
49722
88706
74146
83481
76066
35217
57348
84573
97649
98092
77445
50452
93444
34766
54682
64709
53597
98092
75722
98460
42098
21667
32111
60737
93444
53597
46433
55198
20677
76359
21118
20090
45231
98650
76359
88706
84970
17682
76359
34928
73953
21745
39203
30175
28190
33095
38282
54184
93390
64756
64756
25292
66413
93444
37703
32104
88313
64756
88313
44075
20677
36394
93575
21118
76359
78058
44859
29814
78058
88927
59214
30893
71673
10257
86494
21118
13583
43763
62716
15843
14294
88053
37224
34784
20677
98092
45057
64709
66528
49036
42441
21118
21799
51818
88706
32111
40330
30516
21118
35177
15079
76273
33747
34048
25694
62716
28478
45993
98092
28253
24492
35177
82330
76359
81183
74797
77445
19568
61274
69824
68773
76359
89650
77945
17501
39378
89662
94786
91731
51412
13583
20677
79733
52001
62716
37115
35929
76179
33516
15310
39762
24386
18731
34048
77445
27779
73116
39063
73341
89287
10108
60337
54843
15044
21393
66813
38606
49127
84970
75464
71632
93444
21118
80385
51365
30893
29214
45138
45411
64709
93444
88706
49036
31677
25694
88313
93437
23744
46530
13583
53334
77445
49788
44288
78058
15044
98092
78511
86061
94066
23236
37827
88706
49515
98092
38087
85498
88706
11213
60337
97944
94765
40872
45561
26839
66528
88930
43621
77639
52077
70358
36028
64127
34048
98859
69465
73846
84410
74835
21118
95922
38955
25044
63490
53533
20677
75218
98092
98053
49363
21579
17695
39063
16885
34048
13583
15374
14446
89693
18036
75722
88706
77445
93444
37520
45194
81289
76359
21118
36199
75722
64709
39063
20677
35177
81415
86686
80757
21055
23175
88313
65217
56161
30893
76048
97502
49036
21393
56009
25370
63417
13583
92452
90779
60337
45323
83982
76359
34048
35177
74065
28812
60337
27133
55677
35177
23226
79979
14892
83296
84970
20090
98346
74405
86987
64766
43591
91663
49202
98092
88706
25069
73910
68173
90131
54613
34755
49863
54929
56399
57681
13250
50787
88313
37078
18922
60337
46523
87880
39063
48408
99461
39332
98092
71743
88313
45323
88255
23226
93444
78058
76359
64709
63346
13583
52721
49544
66528
45194
96111
37630
71632
94863
69932
24776
89054
12724
32111
76116
95646
21393
45323
84647
45194
48753
14667
21393
20677
63196
94163
45194
70862
88313
64021
34048
50331
34048
13583
21118
23226
49036
21118
10076
84970
12268
30007
66528
72284
43654
11414
15044
78058
52042
70310
97896
97215
88313
97572
23226
13583
49036
25755
38510
98092
78058
28096
84970
30893
99812
51182
30893
60543
71632
33596
79975
84134
62410
22085
20677
92907
49332
93444
98092
77932
88167
65219
62650
79089
70889
41342
34111
95394
92893
49036
30937
31068
78674
35177
35177
33653
71632
84970
88313
68825
10573
39063
67618
60337
45099
98743
90026
54832
34048
49036
20090
49036
30893
60337
62572
15709
84970
58861
59125
93321
21393
54259
76048
49450
37799
13382
72545
23958
75217
67338
20094
52547
14101
94200
20090
87645
93007
91657
77015
11552
20677
32314
96490
88706
18500
10095
15135
34048
88313
61388
20090
13583
41426
49036
39034
99470
77445
71632
34717
78369
35177
93444
23226
32262
27081
99610
61755
26783
76570
17321
39823
37646
34048
20090
39063
82696
66442
93444
50391
10100
32511
64709
78058
60337
39063
21118
84395
39063
60182
39063
69664
30893
41166
23751
88960
76048
15467
29065
93428
68547
93444
96760
23226
88313
11217
31236
37785
30893
56917
34048
25694
93444
84368
64756
53597
20677
20090
20090
88706
39063
98092
20088
49036
54203
46441
88313
65758
21118
53597
33058
56240
45231
13060
71632
20127
22802
34048
92633
45231
87627
17362
77445
71632
20583
90921
76359
84970
53597
53731
88313
64370
42629
82819
66528
78343
77155
35177
87429
88313
43889
30401
72422
13583
71632
13583
94594
98661
29132
51774
19289
10161
12555
66252
49036
14093
78058
12621
66528
68633
37782
50110
32111
69622
13583
35711
33375
76359
70025
66528
88706
20090
98680
45231
87022
78058
41261
63554
79838
98092
95012
19703
88706
16375
62914
65544
53597
60337
76048
76610
71632
41881
43543
76048
88313
69278
15597
76048
49036
12532
81110
39167
43682
71954
88706
65480
82540
46004
83636
71632
29450
67274
77426
57584
90667
98508
92465
51095
22669
75575
33693
32111
10157
65246
91436
16938
35177
20378
66607
15550
22529
75460
88706
38185
38534
65369
60105
93444
88706
39841
71632
80849
96766
79807
99183
15491
95360
15187
10033
72571
45512
73300
30893
30434
76048
53597
60337
88313
77526
93052
90175
33126
49036
71504
85292
66528
35363
60337
96587
21118
88313
45510
35177
49036
98092
34048
97006
60126
21118
78058
75670
89181
64756
84970
20090
34048
21988
51396
77498
64462
53597
77445
86349
45194
37729
32386
39063
20090
48754
62716
39063
71632
87766
43440
76359
32111
75722
94388
39251
49036
38585
53348
34048
85695
78692
60337
51669
15075
82780
23226
85626
88313
88706
73326
77839
15900
15237
92443
12544
76048
14578
21393
35177
45194
53578
71632
51896
47764
23226
93444
52312
35177
39167
65756
93444
43913
39167
72205
37929
13043
77445
66528
34580
74327
53597
49346
66508
76359
20090
87115
76589
49036
19808
38104
78457
85328
13583
79480
63967
68296
80175
93444
53597
71632
75722
60337
76048
48453
35176
70172
17447
76197
53244
32191
45194
95165
85861
76048
30779
30893
19368
77445
71632
29625
48533
65302
78058
77445
66528
76359
46457
76359
91220
32111
21393
43373
52670
84820
98092
88955
13514
39212
40263
35177
31236
13583
44890
44401
64709
71632
70149
78954
27687
20090
59037
65294
21118
32111
31175
94277
95471
55015
58527
71632
39377
95947
23226
43259
48233
84970
76048
64805
45231
75722
34048
17966
83274
25904
21118
93485
88706
84970
21118
56620
34048
85581
77445
86160
58172
20677
77445
34048
15332
35697